125 125 250
44 47 64 67 67 9 83 21 36 87 70 88 88 12 58 65 39 87 46 88 81 37 25 77 72 9 20 80 69 79 47 64 82 99 88 49 29 19 19 14 39 32 65 9 57 32 31 74 23 35 75 55 28 34 0 0 36 53 5 38 17 79 4 42 58 31 1 65 41 57 35 11 46 82 91 0 14 99 53 12 42 84 75 68 6 68 47 3 76 52 78 15 20 99 58 23 79 13 85 48 49 69 41 35 64 95 69 94 0 50 36 34 48 93 3 98 42 77 21 73 0 10 43 58 23
59 2 98 62 35 94 67 82 46 99 20 81 50 27 14 41 58 65 36 10 86 43 11 2 51 80 32 54 0 38 19 46 42 56 60 77 30 24 2 3 94 98 13 40 72 19 95 72 26 66 52 67 61 14 96 4 67 11 86 77 75 56 16 24 29 21 25 80 60 61 83 33 32 70 85 31 13 71 56 24 79 41 18 40 54 79 11 38 93 1 95 44 88 24 67 82 3 76 35 86 61 69 87 43 32 11 84 10 54 37 28 2 27 83 89 23 53 51 46 20 53 29 67 35 39
9 73 41 23 3 46 90 50 3 31 9 10 27 45 71 39 61 85 97 44 34 34 88 33 5 36 0 75 34 69 53 80 62 8 61 1 81 35 91 40 36 48 25 67 35 30 29 33 18 17 93 84 2 69 12 44 66 91 85 39 39 75 22 30 17 70 71 18 92 43 83 49 41 93 46 21 73 89 96 91 73 28 81 58 0 86 63 16 36 94 24 63 67 51 8 56 91 93 87 32 19 72 71 87 13 58 81 55 64 75 92 36 25 32 42 14 86 28 20 82 68 22 99 83 7
72 61 13 5 0 8 79 79 53 11 4 39 92 45 26 74 52 49 91 51 99 18 34 51 30 53 58 43 55 18 45 87 65 70 53 48 94 59 80 26 35 58 49 73 44 13 70 38 39 8 13 7 80 22 79 89 8 99 6 81 71 84 89 66 60 16 56 23 24 4 49 87 30 54 25 20 97 57 23 27 29 33 53 51 86 7 9 54 0 83 36 81 20 3 42 65 20 36 68 80 47 10 94 91 43 63 31 20 70 9 60 91 35 83 76 18 74 98 97 43 3 12 58 1 0
39 24 58 36 99 69 6 3 98 40 60 33 28 68 26 96 51 73 53 69 33 7 94 72 84 7 67 85 91 67 84 71 83 95 0 5 91 30 73 83 7 21 92 8 43 46 0 51 38 89 74 98 87 96 83 26 78 32 70 97 44 59 57 50 45 4 57 93 91 17 35 66 20 45 57 79 36 62 4 77 30 87 98 35 73 90 55 26 22 76 79 98 90 51 46 80 61 60 47 0 10 75 13 71 94 6 45 30 15 41 38 53 43 82 7 92 65 41 66 92 78 91 31 93 50
46 93 33 12 96 80 66 72 10 90 27 56 65 64 69 88 34 79 3 60 37 43 83 88 70 20 6 28 6 66 92 92 69 73 54 77 21 31 81 35 8 25 21 45 86 16 25 37 1 5 70 12 90 74 54 78 62 72 71 45 5 47 59 42 67 10 57 91 89 3 78 82 69 58 4 17 69 63 94 24 3 69 40 36 58 49 55 24 33 18 97 78 7 53 46 33 81 29 12 46 32 34 87 25 46 52 64 76 73 18 4 7 3 48 76 37 48 82 51 49 71 90 49 29 3
74 84 65 20 80 42 28 26 87 52 48 66 9 2 89 90 68 10 12 97 37 39 32 33 26 99 89 50 88 82 20 94 28 72 18 25 24 39 28 24 18 67 44 83 45 54 0 10 67 6 91 99 57 70 19 34 50 20 43 0 66 97 12 15 33 23 12 5 38 1 10 6 6 38 75 85 50 51 2 76 29 9 72 5 53 65 43 79 62 76 47 76 21 18 89 13 94 92 85 6 48 40 26 30 5 15 63 37 59 95 96 80 32 62 10 12 93 64 29 90 22 19 5 36 83
5 92 76 26 83 12 7 52 80 29 0 87 79 74 3 61 67 16 73 84 56 62 56 48 17 57 9 62 79 78 33 4 16 71 62 23 91 7 22 98 30 80 27 47 11 87 78 30 90 34 54 81 35 71 59 37 68 53 13 19 8 96 81 69 1 29 5 80 40 22 30 19 4 20 74 67 86 60 93 41 40 60 81 51 40 59 94 29 97 94 37 88 16 99 39 29 65 23 72 0 87 37 63 26 89 89 6 88 79 41 17 80 43 69 19 22 11 11 33 7 26 48 71 54 96
82 87 21 2 8 10 5 38 38 65 59 36 5 5 38 35 88 49 79 84 9 4 49 24 94 2 83 3 77 11 13 81 26 70 47 98 21 20 42 57 17 89 85 55 68 98 11 98 97 19 11 97 25 97 95 45 6 89 88 38 51 16 23 90 3 90 46 29 2 5 71 15 78 35 52 7 51 51 29 55 11 67 77 55 88 68 86 57 93 11 78 82 89 3 37 7 29 78 11 73 11 16 60 63 59 1 18 53 28 64 85 88 73 8 82 11 92 51 81 55 15 3 88 85 28
58 85 78 65 76 11 25 11 90 34 1 16 1 16 33 33 44 40 72 77 83 32 23 68 31 22 64 31 79 83 15 51 12 45 10 80 70 21 94 67 80 64 1 50 96 82 82 57 22 15 15 28 71 27 88 57 58 88 76 13 18 78 78 20 71 55 44 91 44 15 87 75 77 29 95 82 4 28 65 49 49 87 57 80 41 90 66 47 17 20 38 64 6 22 79 74 34 40 38 21 34 32 42 44 99 41 27 48 10 68 17 3 94 87 29 30 75 66 93 60 7 51 73 87 64
17 40 21 94 26 15 17 10 17 3 73 29 67 71 80 98 4 61 90 6 32 81 37 27 51 78 59 86 95 8 56 29 28 95 34 58 81 92 16 72 59 7 12 32 84 75 93 40 0 84 92 77 37 47 61 50 68 76 57 4 36 80 82 37 94 35 48 0 49 57 9 50 97 48 12 70 36 99 36 30 19 38 44 35 14 29 51 60 81 67 29 27 3 33 51 27 56 21 39 74 29 29 61 58 24 16 64 98 13 1 2 66 19 76 30 39 85 77 49 26 12 64 1 36 10
32 28 58 66 92 65 77 83 47 81 36 71 53 70 9 15 18 29 53 60 42 82 2 29 17 35 19 16 23 12 99 56 66 20 3 81 44 38 42 74 37 40 27 4 51 22 37 35 30 7 88 88 15 10 19 77 56 18 71 60 24 32 39 16 52 90 80 46 96 94 84 23 15 44 83 55 98 27 45 98 81 87 27 77 48 87 94 5 97 98 28 65 68 85 72 33 99 48 99 89 69 65 99 71 1 1 71 25 77 50 27 96 43 19 98 45 80 43 67 8 83 46 64 20 96
98 5 85 24 2 71 75 28 95 65 80 82 14 21 69 33 2 27 19 15 71 29 35 97 48 49 80 56 63 88 58 5 51 61 83 17 45 96 62 22 97 9 5 76 61 42 16 59 17 68 60 25 14 61 53 81 29 70 28 74 5 84 55 50 86 53 10 43 59 30 59 14 48 56 65 7 69 15 52 32 87 78 34 29 51 89 53 4 64 26 84 5 88 17 68 56 32 81 72 73 31 94 73 48 99 32 14 61 87 32 56 28 43 97 50 46 72 37 2 17 15 67 85 93 22
82 7 55 49 26 4 89 26 60 83 78 18 96 91 36 20 3 18 77 51 49 31 97 18 12 91 98 71 94 45 80 65 88 16 45 91 37 50 24 48 76 4 51 46 40 14 10 27 78 13 4 86 15 29 78 42 25 75 95 91 22 43 84 55 2 25 0 95 56 70 82 86 62 46 89 77 12 62 37 83 31 28 59 83 40 89 29 28 52 42 10 84 17 0 39 38 98 65 48 86 45 49 22 92 65 85 66 32 50 70 35 23 82 89 79 27 85 1 9 81 11 64 67 61 54
36 84 19 69 84 62 68 41 80 16 57 5 96 22 3 8 62 92 41 74 92 95 11 34 91 49 71 39 58 5 73 88 12 97 59 78 15 4 22 52 66 71 72 5 39 79 79 41 89 22 89 89 19 62 29 9 11 99 26 82 72 1 99 46 55 10 74 24 95 43 91 13 78 55 5 23 42 49 75 56 43 24 81 21 94 18 63 89 29 37 49 40 95 11 56 63 14 32 65 65 36 25 76 72 50 12 24 19 67 10 7 52 92 14 72 46 99 35 81 23 61 53 12 45 7
47 39 94 19 50 65 43 82 78 89 56 72 50 34 90 11 11 36 49 76 81 95 74 48 74 11 93 34 74 76 39 10 2 75 46 51 41 91 3 16 63 64 13 38 4 3 19 81 16 71 24 11 22 60 91 2 8 72 89 38 52 97 88 63 21 4 31 75 37 7 22 42 59 95 54 73 51 82 23 83 25 57 69 89 45 88 51 59 44 26 43 32 30 14 71 96 61 1 47 43 90 15 68 74 85 39 94 86 0 81 58 12 91 43 54 47 22 31 34 98 42 68 62 36 83
44 81 70 6 48 9 28 77 56 9 85 66 9 36 28 64 74 13 2 37 71 87 94 81 3 98 80 82 50 61 82 28 35 53 26 42 46 69 28 43 83 62 74 74 9 91 99 75 96 38 31 22 91 57 21 97 61 41 99 41 23 52 23 72 41 60 47 15 36 65 94 42 0 83 6 93 67 31 29 16 67 26 6 11 81 55 43 67 20 91 92 14 14 80 99 63 43 27 87 20 23 34 32 65 22 21 57 68 45 39 24 86 17 52 90 8 5 97 86 82 10 62 29 11 30
71 58 94 42 85 71 25 54 83 25 45 3 84 83 37 33 60 89 7 60 37 84 98 16 45 39 33 97 65 73 87 68 24 6 97 60 88 61 59 74 29 28 24 3 82 21 6 84 21 27 26 89 64 3 53 37 7 80 75 11 2 54 5 17 78 5 78 81 30 98 3 0 93 44 44 61 0 17 29 91 34 59 21 63 94 17 38 79 1 15 86 17 53 22 77 47 66 11 9 40 54 51 47 4 10 6 44 72 8 72 18 2 69 93 29 27 17 58 11 49 72 88 3 11 57
50 15 57 3 60 39 85 29 53 67 56 75 79 45 90 79 97 11 5 30 58 68 59 32 37 43 60 45 29 27 27 29 72 75 97 78 38 11 74 89 32 50 40 70 30 22 75 35 84 68 63 4 49 29 63 61 91 83 90 26 73 50 95 94 17 71 56 35 73 92 47 48 71 67 71 62 72 37 5 97 55 92 46 38 49 8 65 66 62 16 61 66 11 31 10 20 14 52 71 29 5 14 79 51 32 23 91 6 73 65 75 87 70 40 60 36 12 35 62 69 62 58 76 18 0
1 84 77 90 21 78 13 67 17 5 26 63 27 41 13 45 48 56 58 17 86 95 89 92 77 7 26 17 68 43 47 94 92 72 58 27 6 7 53 26 75 37 93 49 20 93 56 61 55 92 23 57 9 0 19 71 50 38 67 30 37 56 5 59 80 90 61 31 70 89 75 17 31 31 84 90 39 50 74 38 68 39 79 13 35 11 75 54 36 82 75 51 34 58 80 28 9 8 17 92 25 94 59 94 59 58 18 12 1 27 10 67 61 16 27 6 0 7 25 67 59 36 44 85 72
38 42 97 36 68 91 13 13 41 72 6 94 12 98 3 16 5 40 55 29 53 22 23 36 59 34 70 6 88 76 17 95 48 37 0 74 4 95 60 10 29 97 13 19 41 76 44 51 16 37 14 36 4 47 0 49 37 75 44 69 16 16 10 5 23 47 67 38 18 94 80 31 42 47 21 97 55 74 31 83 66 19 31 19 39 39 61 97 44 54 94 62 76 16 80 6 68 45 84 30 76 53 33 90 18 6 2 26 25 13 63 91 62 57 37 45 21 69 49 25 12 52 70 47 73
10 72 90 16 95 94 38 48 60 6 70 1 63 65 21 46 0 86 36 26 20 84 34 61 30 27 73 72 52 84 23 62 48 59 43 42 13 9 27 90 34 70 41 37 6 58 85 3 75 11 29 78 83 26 80 35 52 17 80 10 60 73 99 25 26 51 79 27 4 85 53 23 22 92 43 6 13 77 17 40 94 68 18 2 27 8 79 51 87 47 63 30 13 92 46 14 46 45 97 4 10 63 18 72 58 73 13 12 29 78 77 9 46 60 76 29 75 24 59 72 15 54 32 80 11
15 25 21 22 81 92 91 72 91 92 99 30 41 9 52 43 81 50 16 64 26 7 54 82 58 75 57 58 76 13 72 18 17 42 44 98 75 87 70 78 46 54 50 43 65 78 6 47 44 9 3 9 34 94 1 38 78 80 94 50 13 86 46 99 87 37 93 90 82 86 6 74 43 1 73 90 48 79 17 19 19 65 27 35 9 13 53 70 88 10 43 5 40 15 14 85 0 35 97 14 6 88 3 68 95 27 67 34 41 13 17 40 74 38 42 67 27 60 15 34 50 44 84 52 25
75 44 81 5 83 71 68 95 93 91 32 41 82 29 13 9 54 8 25 33 17 47 16 49 62 71 94 80 86 37 9 46 12 88 22 56 78 45 33 62 4 69 76 41 12 0 69 22 97 49 65 10 70 16 71 27 38 84 41 82 70 38 34 74 40 40 27 94 36 98 59 89 27 56 58 31 48 3 64 37 39 12 84 75 76 91 47 57 21 12 17 39 31 29 55 65 37 0 23 13 8 84 53 82 80 13 8 6 27 37 35 40 26 94 76 57 45 80 58 23 72 80 18 74 15
88 64 3 90 20 47 62 97 24 82 40 9 72 71 92 41 19 86 67 78 66 87 24 84 35 46 32 34 42 92 37 82 55 35 99 65 93 20 99 46 98 91 62 62 78 30 91 51 4 68 6 41 3 39 27 13 44 0 74 93 78 0 0 96 11 29 5 69 57 30 18 16 81 75 9 9 90 76 64 28 77 87 58 48 27 25 84 76 24 5 34 76 59 43 79 59 21 12 98 5 20 31 98 23 19 85 47 6 68 73 24 47 32 74 90 91 16 98 22 28 28 78 89 5 66
35 75 51 77 99 56 95 94 5 29 91 53 65 61 26 28 39 97 47 32 4 54 0 11 51 99 68 26 15 92 16 70 95 2 17 65 32 97 38 68 94 4 79 21 10 16 2 46 61 46 32 23 61 1 36 89 8 47 91 0 35 26 62 52 22 31 1 93 3 3 98 36 42 20 5 88 83 54 3 83 23 48 94 30 89 7 42 12 4 27 76 74 43 53 10 43 6 71 0 51 34 96 23 64 71 30 18 32 2 38 12 64 72 3 13 90 3 70 6 20 58 2 85 47 52
58 82 80 57 43 33 69 93 79 89 24 60 64 61 77 12 70 49 3 32 49 99 13 75 17 68 87 47 74 38 48 36 93 25 35 71 64 64 8 67 6 7 51 77 82 17 3 8 47 43 61 3 44 75 49 50 10 43 79 91 62 99 82 62 35 85 28 59 97 89 74 1 21 25 10 41 13 51 66 82 84 7 40 56 85 37 46 83 90 55 6 0 8 85 37 67 46 41 92 63 57 39 65 51 61 69 58 91 95 40 73 53 7 99 47 69 41 28 85 11 3 18 35 46 17
27 54 73 19 71 71 43 44 46 34 33 74 69 92 46 32 83 39 30 95 47 1 32 63 45 55 64 85 22 27 5 35 35 67 28 91 9 43 3 11 51 86 4 29 60 44 2 94 69 47 76 17 79 56 41 24 85 3 60 46 31 70 51 97 47 11 62 8 62 3 55 54 41 54 25 6 71 63 93 69 38 67 7 43 23 88 29 51 17 56 43 33 48 78 42 80 1 53 64 56 15 80 72 20 61 63 54 43 25 0 49 39 2 70 3 30 13 20 75 11 5 16 77 62 8
27 6 42 4 15 60 0 39 37 6 93 58 25 76 64 62 52 50 49 28 71 65 50 7 26 40 61 48 22 14 63 95 85 52 7 36 80 70 20 38 4 16 98 56 14 15 88 14 10 4 84 52 75 53 93 67 44 90 91 2 60 66 23 28 53 18 59 65 68 36 81 24 89 76 34 85 56 63 73 36 41 6 17 31 6 50 16 30 28 75 32 89 38 29 2 83 76 18 64 41 22 17 42 4 4 18 69 14 10 50 93 83 34 3 8 90 82 68 7 93 35 79 46 45 67
58 3 70 66 24 55 59 35 3 71 27 66 71 10 63 5 40 86 52 43 65 6 28 5 74 7 29 82 47 60 63 66 41 29 96 49 60 52 25 36 19 96 91 26 56 56 28 45 87 82 5 65 85 34 1 93 98 14 30 9 54 27 7 76 93 36 38 92 85 87 37 20 13 40 50 54 65 72 58 73 49 17 49 89 87 57 74 90 13 31 21 97 1 96 43 55 70 34 94 46 90 17 12 52 47 39 48 55 25 64 60 30 92 87 79 38 86 48 7 37 66 77 20 46 93
32 52 55 19 56 22 86 60 34 61 54 38 85 92 48 34 61 65 54 17 52 34 43 13 17 31 21 98 1 69 47 38 63 31 92 68 37 7 67 54 21 21 57 90 66 92 47 32 33 99 58 32 17 9 99 44 86 5 86 9 65 61 5 68 7 54 19 51 38 13 11 87 54 53 75 40 95 3 61 2 71 2 25 46 5 16 8 81 92 78 56 6 77 56 92 3 59 4 0 75 38 6 20 70 16 64 67 69 61 39 59 80 89 94 27 75 64 33 25 52 14 48 34 40 50
62 43 38 19 42 98 21 20 90 35 27 3 89 7 4 4 53 9 68 33 49 74 23 57 96 77 21 92 23 5 61 2 0 9 71 29 21 80 78 83 37 90 76 79 83 18 66 16 75 99 9 73 30 22 20 83 68 79 33 64 15 77 9 49 10 34 39 48 44 1 72 0 11 26 94 42 19 85 1 60 82 92 62 11 49 63 9 24 68 26 52 54 85 78 29 1 78 0 15 33 32 69 30 47 58 73 7 30 85 30 41 8 65 85 8 49 64 91 50 48 89 29 71 26 95
14 19 8 39 29 23 77 40 1 89 88 30 41 80 62 75 71 85 88 37 43 59 36 32 73 16 35 3 39 37 3 40 58 99 1 3 11 3 59 12 96 39 50 0 54 54 87 71 59 65 98 13 56 30 85 81 23 35 33 6 24 34 57 73 24 93 5 48 25 68 38 0 59 78 73 50 28 15 66 36 7 81 31 43 41 79 28 54 52 42 31 86 57 23 68 64 17 70 68 75 96 80 2 74 39 38 54 0 9 75 44 52 81 47 69 48 38 36 4 75 39 93 62 45 75
42 32 1 47 34 42 42 74 42 46 79 90 40 80 43 92 64 63 44 2 22 24 44 83 94 77 7 83 99 53 62 29 84 8 74 41 34 46 61 75 72 55 85 68 47 7 56 85 86 70 19 43 70 96 86 21 11 43 67 96 29 21 81 69 91 1 33 40 43 51 94 82 54 79 51 45 93 4 56 48 20 16 53 85 66 20 56 24 43 84 63 15 97 24 88 91 61 3 19 12 44 74 9 63 92 46 95 87 13 69 45 7 41 16 50 39 35 28 81 37 1 81 30 34 3
33 43 89 1 98 56 49 40 82 41 54 85 47 92 65 41 38 12 79 28 25 53 86 63 91 77 33 78 8 68 46 85 45 92 22 14 0 50 54 50 9 33 40 40 7 26 29 50 57 17 10 43 62 97 65 19 93 6 5 68 66 40 80 71 40 24 87 52 22 41 6 78 51 39 24 31 20 18 35 96 84 88 96 91 44 82 22 98 31 50 18 78 7 11 63 74 57 58 38 41 86 64 34 81 42 52 70 3 40 91 76 39 85 25 0 34 65 43 37 89 87 42 68 52 71
93 1 23 87 88 89 69 22 80 95 64 67 97 31 70 52 64 8 24 70 75 68 62 71 25 51 42 5 37 4 62 42 12 16 57 69 13 11 86 39 0 24 27 30 88 92 24 94 52 32 62 61 99 86 47 8 3 52 78 60 59 81 59 83 88 88 99 65 76 84 7 86 44 79 32 33 77 1 3 39 62 62 27 58 98 47 25 80 73 25 64 15 80 7 23 40 38 37 68 98 86 60 49 30 97 91 71 77 89 37 31 49 47 53 8 18 84 25 39 93 2 50 81 97 3
26 53 88 63 94 57 65 82 71 43 69 58 40 19 34 85 88 94 65 0 88 47 4 64 36 60 50 55 84 68 5 61 78 22 79 83 76 61 39 32 57 30 84 20 58 69 74 88 75 21 70 65 52 13 79 43 85 67 93 9 54 88 55 55 56 49 20 37 53 61 83 40 67 37 3 84 38 94 33 89 41 22 66 57 27 58 28 60 99 47 33 25 74 72 81 89 7 51 29 39 41 20 33 10 76 47 2 96 88 53 69 19 0 17 87 84 58 36 12 44 79 37 24 45 52
84 60 7 23 20 69 7 36 9 69 25 33 84 64 33 83 73 2 16 87 61 58 25 42 80 17 40 60 81 41 38 76 70 24 33 78 69 9 37 11 25 16 83 61 23 50 9 42 41 26 42 62 11 71 91 32 30 86 29 32 66 22 47 40 24 14 2 67 33 42 36 0 24 50 38 55 12 15 26 23 56 93 16 82 45 33 3 58 71 57 20 88 66 60 10 51 98 88 0 70 13 25 91 47 69 23 51 54 24 77 21 13 66 41 1 58 52 0 57 14 7 48 73 49 4
16 16 63 16 67 54 2 32 57 70 85 28 22 27 49 4 4 95 66 89 94 75 74 66 75 76 84 9 35 51 6 31 27 10 48 72 89 79 26 69 82 64 36 32 37 82 77 83 66 40 0 38 64 9 62 49 3 5 81 18 45 75 64 38 41 17 44 18 63 6 79 54 60 39 0 37 36 7 45 11 4 70 38 40 62 70 80 34 80 96 28 32 49 8 21 50 24 16 85 10 32 8 59 70 90 91 45 89 20 84 77 34 4 48 78 24 65 43 77 97 76 16 57 5 97
95 8 33 54 64 32 95 2 27 80 87 66 71 45 20 64 7 89 24 65 99 62 94 34 92 98 21 87 17 69 3 89 21 59 6 61 83 22 23 85 76 22 60 10 78 57 41 69 39 74 61 90 26 83 46 16 1 83 78 9 63 63 60 35 99 8 90 56 45 77 61 89 44 52 14 13 58 6 72 51 14 28 29 95 94 8 66 56 79 56 56 92 98 37 42 88 5 14 56 98 11 16 31 76 58 59 64 61 98 64 57 16 4 3 5 94 50 42 84 48 45 15 92 91 55
59 55 33 11 91 34 88 13 7 24 65 99 82 40 55 65 27 15 15 41 77 6 96 92 56 52 6 78 31 6 33 58 46 26 51 32 60 46 95 7 49 39 65 5 27 38 45 23 12 9 29 29 13 87 24 9 68 37 56 75 86 60 24 52 53 98 46 33 13 97 71 12 73 46 29 12 55 48 35 34 58 60 1 17 43 55 9 55 16 67 41 86 47 84 88 97 58 84 85 36 12 26 2 22 46 83 18 34 95 67 0 27 48 86 3 96 11 88 28 40 73 2 78 59 10
4 73 90 8 37 98 91 58 58 49 19 35 36 74 49 18 4 88 79 49 94 13 51 16 55 75 61 98 17 70 24 93 93 66 75 46 40 81 39 9 26 20 57 68 66 52 39 83 63 7 31 96 68 27 24 55 8 44 53 90 38 27 98 43 76 8 40 32 64 81 76 16 75 79 92 51 64 92 36 60 18 81 25 40 25 4 10 97 86 97 82 35 84 5 58 99 47 77 30 11 8 26 95 90 50 19 55 31 70 51 37 11 79 44 53 4 99 17 25 54 76 0 96 70 99
41 83 99 93 87 25 84 44 72 38 86 50 15 4 75 26 75 26 76 28 0 69 57 13 22 88 61 90 62 5 82 44 92 67 23 9 51 5 90 33 1 63 96 84 61 91 76 31 91 58 3 84 10 51 73 69 13 60 81 58 45 25 3 64 78 14 87 70 15 5 54 0 71 61 81 32 58 29 31 79 75 31 18 86 71 99 62 19 69 49 64 1 50 53 60 58 78 57 18 41 6 43 32 75 87 24 50 8 83 2 28 38 46 43 97 13 45 33 10 87 77 30 64 71 67
0 95 8 67 11 23 20 1 70 68 42 99 22 30 38 75 52 98 67 64 6 33 29 85 14 52 86 91 67 94 46 87 24 13 32 32 25 73 17 23 35 35 34 84 69 20 6 8 0 61 89 71 73 6 93 69 36 29 19 47 22 67 7 56 93 84 72 18 22 22 85 46 39 56 34 60 98 80 13 28 59 13 33 26 77 57 74 87 85 91 55 85 95 82 91 90 23 71 13 20 94 35 74 35 69 37 22 33 18 0 31 30 45 2 21 18 80 99 12 72 90 60 99 9 31
49 63 47 0 45 54 84 92 38 36 30 33 99 26 46 18 88 88 78 92 41 19 2 42 49 29 65 21 81 89 78 86 79 82 11 54 24 69 6 61 41 60 47 12 12 45 37 82 73 72 53 40 8 0 32 12 20 15 23 62 54 81 87 9 98 96 70 91 35 83 38 65 33 97 33 3 86 50 33 3 77 34 79 43 97 30 41 28 9 11 25 57 73 62 96 21 75 35 56 44 66 96 92 74 99 29 61 41 87 37 63 29 97 35 80 84 33 3 95 72 88 62 25 89 37
74 96 67 63 85 77 96 5 21 40 13 27 34 0 55 44 48 51 59 17 96 96 11 42 70 82 33 51 52 69 81 54 10 76 41 81 31 3 98 42 94 6 64 4 4 63 64 99 86 94 29 22 87 49 26 56 11 2 85 12 80 2 91 76 35 0 61 77 18 35 10 19 27 9 38 12 69 86 62 12 66 59 0 24 93 92 96 4 72 18 45 92 71 72 16 86 79 20 48 85 87 97 66 48 90 11 24 15 25 5 22 54 51 34 29 12 44 58 20 63 46 97 75 46 94
11 70 95 34 41 21 74 91 81 57 6 11 61 93 77 19 7 57 16 70 40 79 62 66 10 41 42 40 29 74 74 31 81 99 36 61 81 85 27 25 47 54 72 97 73 11 48 92 16 66 72 33 48 14 40 65 46 95 22 64 76 40 64 92 31 60 28 57 83 96 43 68 81 93 26 89 82 51 84 47 57 41 71 98 28 32 12 88 71 73 60 39 45 33 94 99 60 34 66 29 39 63 22 99 53 64 26 68 43 47 9 70 29 5 1 86 26 93 5 16 26 44 26 78 88
8 19 93 59 75 46 21 66 61 57 26 53 68 22 82 38 65 4 19 91 7 93 98 88 57 76 69 44 13 38 79 0 51 68 45 22 30 32 95 45 3 60 35 19 98 17 3 60 72 65 15 8 52 22 10 44 12 3 22 12 25 53 90 40 41 0 55 59 52 27 40 85 21 70 76 7 3 74 27 57 88 49 46 73 36 8 9 99 1 38 20 45 89 44 89 69 64 58 70 70 17 11 17 37 94 57 73 12 17 36 32 3 76 37 71 61 5 17 18 18 81 33 10 49 9
26 4 89 71 97 17 17 72 58 87 55 34 91 68 2 25 70 10 19 45 79 84 53 79 54 35 47 71 60 36 28 44 46 9 87 35 92 18 78 20 36 72 13 21 59 61 96 32 30 73 91 61 28 56 23 92 56 66 20 86 96 7 56 21 84 19 89 47 37 88 83 55 42 13 44 91 86 91 3 57 33 29 85 66 38 24 81 77 73 25 37 14 29 7 58 27 28 86 68 67 24 26 9 59 55 71 84 11 70 92 2 39 57 27 31 35 12 64 23 5 55 64 35 10 29
63 81 48 82 59 47 61 10 19 77 57 67 36 3 35 71 74 84 92 72 8 81 81 69 95 93 59 80 57 86 99 50 99 80 27 96 47 66 11 82 88 24 0 60 72 87 1 93 47 50 81 83 89 69 85 34 97 38 91 49 4 83 51 33 85 4 51 89 71 56 36 51 95 61 61 66 57 25 12 61 5 35 94 52 9 49 81 56 29 75 61 34 43 33 28 22 89 91 17 33 97 89 84 7 64 12 71 44 87 38 2 59 73 30 62 50 26 12 18 29 58 38 70 66 49
77 51 80 31 8 31 25 18 83 92 65 57 90 30 21 75 35 98 54 64 63 88 46 96 40 58 68 29 51 54 56 82 52 66 33 89 27 86 42 6 53 93 32 23 37 10 9 65 64 3 25 61 76 67 98 91 49 1 8 97 95 29 48 60 77 78 28 80 99 88 45 6 18 56 33 8 78 18 59 39 24 12 9 97 49 97 50 88 15 39 70 61 17 8 65 7 20 40 72 0 41 2 32 86 10 94 8 21 57 45 67 69 27 90 12 64 3 61 43 96 40 20 14 24 67
32 73 70 67 58 28 3 79 96 38 92 69 1 17 62 47 8 73 52 13 41 24 63 68 71 69 20 67 65 73 90 65 40 46 21 76 70 32 42 84 76 86 20 33 32 9 59 3 63 62 8 28 13 87 71 12 2 77 23 59 73 79 11 9 62 65 90 11 95 48 58 75 1 72 25 30 33 87 20 49 8 64 34 30 84 37 22 61 42 48 86 20 43 7 65 45 30 12 69 56 21 69 16 43 23 40 37 48 39 38 43 48 0 9 15 52 53 4 28 35 20 6 41 31 89
80 68 13 33 17 65 89 47 86 42 22 81 67 19 46 29 68 84 30 44 79 33 4 83 37 52 64 17 17 39 18 5 98 3 58 0 35 25 84 93 65 14 44 4 70 17 93 61 56 1 16 66 78 49 24 69 21 8 72 33 69 96 0 43 6 14 37 92 80 53 29 82 93 3 74 41 39 96 32 28 14 95 98 62 61 99 67 13 18 81 61 34 98 83 68 75 21 3 34 83 90 72 78 35 76 81 87 81 96 49 11 66 22 68 41 42 15 59 60 81 77 95 99 3 45
25 51 28 82 95 23 10 13 77 13 83 65 3 12 8 10 6 52 31 43 95 21 13 71 45 28 82 29 61 26 50 15 46 65 51 25 18 39 48 45 22 27 75 44 38 0 9 22 69 23 70 86 87 65 55 55 26 31 19 61 25 71 11 57 55 17 54 0 11 36 99 77 8 63 10 89 9 84 4 59 39 80 82 78 87 52 99 48 30 3 10 32 21 41 97 18 97 51 76 63 52 66 89 94 51 92 41 17 14 59 60 13 97 22 61 88 30 10 3 31 32 13 49 39 0
24 84 43 90 91 87 90 73 97 90 41 31 40 95 8 49 36 81 94 1 58 29 80 84 8 36 93 59 15 13 25 80 50 11 46 2 33 92 90 41 1 26 72 83 27 99 22 89 88 84 36 24 30 12 52 56 92 68 65 69 44 85 24 8 30 32 85 67 57 84 81 17 75 18 35 58 85 43 63 98 97 73 27 87 63 51 59 36 48 97 11 72 93 33 47 14 94 31 87 63 43 21 2 26 9 1 56 67 81 1 30 34 97 47 48 10 6 5 42 70 38 5 60 30 59
8 63 81 86 3 15 94 6 93 22 10 28 7 91 83 2 71 76 51 19 94 30 27 15 47 23 58 94 83 8 13 38 38 2 42 51 68 38 69 59 63 53 62 33 88 92 85 44 14 68 81 79 25 63 36 12 38 59 93 30 98 83 83 31 75 7 69 77 62 98 46 32 32 28 12 93 74 55 73 49 19 86 23 30 60 52 13 31 58 16 18 1 15 32 78 73 6 67 70 79 93 85 51 74 58 77 91 26 26 68 59 29 48 92 61 60 15 91 40 32 45 14 68 89 96
12 44 59 42 63 52 13 52 50 50 69 87 94 92 54 85 83 88 47 87 45 62 10 94 96 85 54 94 6 25 5 55 95 47 27 89 33 91 16 16 79 94 34 59 69 72 16 51 92 5 0 83 23 30 38 40 98 81 15 74 18 27 51 42 78 47 81 41 3 25 88 95 87 79 21 60 29 22 24 67 9 38 64 79 14 69 81 58 67 83 82 49 1 7 8 31 14 78 20 18 35 44 31 65 90 24 38 41 95 56 75 59 35 75 47 49 29 50 10 42 26 75 57 71 96
91 7 55 84 17 74 92 70 56 28 16 61 68 69 88 44 54 32 76 55 65 12 25 64 69 76 30 40 17 28 28 11 93 65 0 50 27 56 79 52 16 90 77 25 23 60 71 19 65 62 40 68 15 21 19 28 97 10 24 25 53 7 20 99 87 62 62 78 15 4 94 96 85 1 50 23 64 14 91 77 37 52 98 76 2 97 78 17 44 71 27 23 99 65 71 57 75 57 10 8 14 93 95 26 51 41 80 41 45 95 26 69 77 9 21 2 32 68 40 6 65 53 52 62 63
76 58 45 86 76 16 67 86 24 5 84 10 60 89 26 25 94 25 69 27 64 33 2 73 78 61 39 23 52 69 34 95 2 78 27 27 64 85 17 72 8 45 13 20 21 87 1 38 56 75 24 93 31 21 92 76 92 65 95 54 10 92 48 21 75 4 78 53 99 55 42 95 43 72 22 39 40 34 35 52 95 59 36 49 18 53 13 54 63 57 47 11 85 64 41 17 17 33 40 99 35 34 91 99 32 24 9 91 45 26 13 36 42 24 48 51 92 99 31 32 44 90 8 17 22
29 0 6 79 21 82 67 23 58 11 54 64 24 68 41 34 66 8 35 4 67 36 66 12 63 89 24 33 47 48 44 99 56 99 9 47 4 75 26 9 89 73 28 89 68 30 47 33 93 93 84 53 80 95 38 65 65 30 41 37 42 1 62 5 14 9 85 67 30 23 81 10 47 55 48 6 70 21 35 27 16 38 36 7 14 37 68 31 72 35 71 87 58 56 67 81 53 27 36 81 33 40 40 83 31 86 3 0 32 5 7 69 15 88 75 64 33 34 32 62 46 56 66 56 31
80 70 10 22 54 14 35 52 67 48 51 58 86 45 45 80 97 20 39 98 42 61 54 96 97 48 49 95 85 0 22 63 81 64 37 45 47 8 48 41 33 85 96 80 17 26 5 43 22 68 56 73 85 43 21 63 56 25 15 33 88 69 62 70 55 13 91 12 2 84 62 0 19 35 86 19 1 30 99 60 76 63 25 49 17 80 15 25 79 57 40 27 10 8 88 20 79 94 51 89 56 9 95 35 73 9 16 13 97 40 97 53 45 19 12 9 41 16 35 69 33 35 69 90 93
49 32 46 76 35 45 4 5 41 89 89 54 53 3 44 27 89 44 49 41 82 74 59 90 84 96 12 81 93 73 69 66 65 56 99 19 20 37 11 18 34 54 25 82 43 45 48 9 27 23 1 54 19 6 28 92 93 95 80 49 43 31 65 24 34 42 75 91 95 40 0 67 66 66 45 81 12 87 6 86 60 51 56 78 45 64 20 36 96 18 50 35 25 94 95 59 15 88 22 66 23 33 72 47 59 56 79 19 78 38 37 35 11 28 99 42 95 45 81 41 78 40 35 62 37
95 55 34 31 83 19 57 23 76 80 97 55 30 91 3 86 1 14 27 0 9 35 78 32 58 26 12 52 57 45 78 19 93 81 70 33 77 86 43 0 57 22 14 69 10 67 4 52 60 52 63 94 5 11 60 13 12 7 56 5 57 10 30 3 98 61 1 43 16 39 17 52 52 7 18 21 22 30 68 95 3 49 9 9 34 94 76 48 49 8 24 36 9 6 8 81 73 57 1 36 0 58 41 78 54 91 26 34 69 7 82 15 29 80 61 50 3 49 69 90 34 97 88 53 42
34 74 66 65 64 43 11 71 35 17 72 37 32 65 4 81 92 59 95 81 36 64 83 25 29 7 90 6 31 59 67 4 1 76 8 63 33 33 29 29 86 63 25 93 56 67 91 40 13 90 44 24 98 48 25 60 37 31 15 86 97 11 17 28 43 20 36 8 47 5 30 60 51 47 51 2 84 88 13 62 83 33 38 92 80 19 36 15 37 10 51 19 53 41 9 77 73 29 65 55 83 96 34 58 30 53 36 26 40 0 17 58 95 87 32 17 71 7 53 16 30 30 34 25 82
73 82 20 57 76 15 85 42 38 21 11 69 85 86 90 17 72 17 21 51 2 58 58 48 41 29 89 83 96 76 49 47 38 44 81 29 68 22 78 36 49 80 79 31 17 64 15 66 93 45 58 34 77 50 94 67 97 54 99 59 19 4 75 50 37 78 47 76 42 49 28 84 96 6 78 56 56 45 2 52 73 27 93 34 5 56 24 42 45 74 12 4 97 36 93 38 74 42 35 98 58 76 21 70 95 12 42 66 51 23 24 74 75 54 53 68 98 81 68 26 40 7 2 98 97
43 84 29 66 78 74 76 90 46 39 53 14 30 67 78 21 36 69 40 16 7 84 19 2 60 32 99 18 51 47 61 17 66 54 9 42 70 21 49 45 7 85 73 89 18 60 71 78 4 92 83 73 91 20 66 13 61 96 15 50 53 69 76 42 37 5 52 60 59 30 7 84 83 34 26 39 75 82 17 64 61 54 4 80 56 89 97 28 98 17 7 43 64 49 72 84 1 27 43 58 15 52 9 24 72 89 99 46 91 98 45 65 54 72 79 24 8 17 39 84 6 46 82 26 79
7 1 28 16 29 76 97 1 29 46 94 81 5 21 5 88 15 54 45 87 47 85 42 22 32 73 92 59 47 28 10 21 75 19 79 9 24 49 50 52 83 14 31 70 29 37 45 92 80 58 5 82 49 81 33 90 87 50 16 85 45 44 21 47 26 46 90 4 38 77 73 70 35 12 5 95 56 28 82 62 89 92 99 15 95 47 35 92 95 11 25 18 96 60 99 90 51 94 68 43 14 5 96 0 46 4 61 21 84 50 14 55 69 12 57 3 29 33 48 37 18 73 36 67 5
60 63 72 73 17 87 67 3 69 44 75 41 62 43 79 94 0 16 33 45 43 71 81 37 41 38 35 49 81 15 54 42 89 72 45 45 15 62 52 35 98 56 1 99 55 92 27 41 2 14 24 88 19 5 99 35 33 90 76 26 15 40 15 35 85 29 22 58 45 3 89 79 89 67 58 20 57 60 23 3 87 97 67 9 30 15 0 79 39 26 61 88 47 61 90 2 73 34 32 76 85 66 60 29 8 84 96 57 28 35 0 53 74 3 65 25 12 60 74 57 22 93 74 59 56
50 67 32 36 73 97 35 5 94 43 97 69 28 9 61 94 95 57 65 18 55 67 5 81 38 27 7 59 95 96 97 90 48 30 88 44 58 53 81 81 44 33 56 5 46 6 92 20 1 81 71 36 21 41 41 20 62 74 7 55 61 72 85 54 55 22 15 89 42 33 99 38 30 41 77 86 35 73 91 30 12 62 14 98 98 76 97 75 59 91 54 86 53 55 66 90 66 64 79 58 20 43 89 15 24 60 3 8 20 67 47 46 62 19 96 45 59 60 58 6 80 63 71 87 20
66 57 95 26 46 70 77 48 59 58 50 94 56 45 48 97 23 68 72 16 1 51 45 80 38 4 26 75 5 38 30 24 75 45 17 69 55 62 90 25 13 20 4 79 35 58 61 40 2 71 74 91 13 12 99 75 64 36 30 6 95 1 17 41 98 1 38 80 12 64 52 86 32 80 27 34 24 98 2 30 30 69 63 88 6 77 17 37 82 19 66 56 23 17 96 60 33 51 18 42 97 72 41 76 1 93 57 76 64 60 33 90 43 39 56 94 23 22 76 66 89 58 16 97 84
51 59 78 5 95 47 16 0 47 22 82 99 28 75 38 73 1 15 99 20 90 44 12 42 79 52 69 85 28 38 7 19 6 76 9 26 20 36 31 41 84 16 32 91 76 31 47 36 23 18 26 51 48 77 30 79 66 75 4 71 81 83 64 28 55 62 58 79 98 70 45 35 53 8 77 15 79 91 19 64 74 10 53 96 4 67 40 9 55 0 35 28 94 57 81 69 97 45 5 24 85 13 23 34 93 75 75 85 91 58 45 66 41 7 15 0 94 47 42 76 80 29 87 71 68
31 32 3 14 66 16 31 23 89 27 93 23 76 40 50 12 57 35 64 94 17 55 28 48 73 2 35 10 28 41 2 72 80 26 82 20 59 77 13 14 96 53 11 48 58 8 40 48 34 37 99 40 10 47 23 56 38 4 52 62 47 26 71 90 25 41 20 31 54 2 62 55 4 94 28 13 25 93 82 22 4 50 96 39 17 66 92 56 27 78 84 32 24 75 78 14 36 8 45 89 49 87 40 9 51 45 89 62 10 79 39 38 4 33 74 53 34 66 47 61 68 34 34 18 5
27 19 80 99 41 38 92 11 57 64 18 37 38 14 75 37 10 87 7 87 88 17 16 28 55 21 82 11 88 89 90 15 37 97 21 77 94 84 94 27 98 93 2 11 91 34 65 73 86 23 88 67 61 97 88 27 76 90 31 38 59 28 36 83 69 47 7 15 34 13 88 53 43 83 57 48 11 98 88 21 86 56 97 39 43 96 18 16 5 31 20 27 85 70 23 55 31 52 8 56 42 99 91 99 1 38 98 92 22 9 31 89 2 5 95 29 88 48 94 84 77 56 98 25 44
5 96 4 35 87 2 82 10 48 48 27 28 86 97 9 20 27 99 5 91 54 74 37 33 23 99 49 62 72 11 77 13 21 95 16 52 67 45 88 37 85 85 11 42 47 48 13 32 71 75 66 46 74 49 87 95 38 32 47 94 64 53 76 21 11 28 74 23 13 0 13 16 28 21 76 37 81 33 46 69 73 87 84 91 93 87 28 34 0 19 40 27 43 98 45 78 26 16 26 3 32 71 35 55 97 87 48 99 67 38 64 49 55 40 71 26 18 12 6 97 8 36 89 5 91
24 82 57 31 97 51 97 26 95 14 12 35 24 72 9 52 75 76 17 99 96 0 11 83 59 88 11 92 81 4 57 22 86 54 1 1 8 23 80 86 75 63 92 35 76 67 76 56 2 11 72 65 19 30 83 19 99 71 10 28 35 50 49 50 3 73 82 54 69 26 61 55 79 22 13 81 43 57 34 14 10 67 72 91 65 50 18 55 72 0 76 41 75 10 44 6 86 71 12 84 41 93 3 7 77 57 18 60 88 97 98 85 35 92 27 94 91 65 8 89 29 15 3 51 23
95 21 85 66 95 72 69 57 51 12 10 57 59 50 75 42 29 53 40 44 73 41 88 43 39 97 73 6 88 23 40 5 14 87 16 40 26 14 75 58 79 15 60 19 82 62 63 79 5 71 71 22 48 83 14 2 79 20 10 85 41 49 57 49 29 68 36 74 64 18 44 3 48 88 28 34 72 56 37 95 12 43 38 48 90 4 38 79 27 10 7 54 88 33 96 57 62 88 84 94 4 53 12 30 46 20 97 58 51 5 60 83 7 46 88 9 49 17 98 14 66 9 58 27 75
59 47 47 86 32 53 4 29 37 42 98 21 22 54 62 17 3 18 69 41 34 9 92 32 29 96 95 74 9 21 61 58 55 99 92 9 48 42 92 69 68 17 48 64 52 4 48 8 49 88 28 57 44 91 38 68 90 24 75 44 25 54 52 87 91 48 63 20 19 60 11 90 41 41 6 97 13 2 45 72 29 85 95 54 55 72 50 47 56 84 24 92 46 14 21 89 84 55 96 84 33 12 97 71 9 88 14 87 5 46 4 12 88 81 78 55 78 81 94 9 37 1 51 64 26
11 39 41 84 25 33 51 21 54 79 97 0 11 92 33 10 13 85 10 39 32 68 35 72 87 87 77 82 63 46 98 82 20 26 28 12 17 2 36 74 34 39 10 51 2 65 23 0 74 68 20 57 5 3 13 94 43 2 33 27 5 51 77 37 23 15 74 92 35 24 94 61 53 87 8 29 94 99 74 25 5 5 30 3 11 57 27 0 91 11 36 66 21 73 94 58 27 18 49 57 88 40 51 22 29 53 40 45 50 53 80 11 32 57 27 12 78 50 60 77 62 52 65 60 31
49 73 14 79 11 68 33 56 41 27 50 95 17 15 38 2 85 35 17 39 94 63 49 9 25 29 66 0 49 89 5 84 13 37 84 30 60 57 2 37 52 22 93 84 65 41 86 54 71 38 16 52 92 51 87 28 46 9 41 27 15 26 79 14 16 29 61 82 6 55 65 81 0 30 49 62 1 75 31 32 74 3 61 88 12 26 4 41 49 78 20 59 42 14 54 4 59 50 87 10 11 85 57 66 62 11 73 54 53 56 30 58 40 55 95 88 8 80 81 93 93 15 57 7 24
74 53 50 72 40 74 39 99 22 44 48 53 0 81 72 22 75 93 52 32 46 19 38 96 47 47 73 48 28 82 21 30 97 32 71 99 24 65 82 54 61 0 53 84 64 53 8 78 38 82 2 3 54 18 46 7 6 0 72 28 16 43 95 56 91 73 36 39 7 32 14 14 99 95 12 10 36 78 5 15 77 84 16 80 49 91 26 20 41 42 46 30 33 58 51 72 8 27 93 67 37 56 76 2 76 28 79 8 30 90 30 48 40 0 16 16 85 69 14 75 7 29 39 72 48
39 15 98 52 81 74 70 41 10 79 79 19 42 45 92 67 46 86 45 27 45 73 25 17 58 37 68 19 57 4 62 16 81 0 48 31 41 31 68 28 18 95 16 70 84 34 40 78 89 55 23 86 86 63 47 32 45 85 10 88 74 43 63 57 72 27 48 56 39 28 14 30 31 64 64 11 37 0 34 18 32 38 31 11 87 82 27 33 9 5 68 3 75 12 73 11 13 37 20 51 73 37 25 45 3 19 14 51 89 2 74 54 7 68 6 68 40 96 24 15 50 22 99 79 86
74 50 36 18 53 0 69 68 40 44 12 5 9 28 1 94 23 80 15 38 66 95 91 98 54 62 96 18 76 27 47 85 89 42 91 49 40 59 6 41 6 3 83 86 1 52 86 98 61 54 61 34 82 67 2 33 0 81 23 65 65 1 20 76 74 95 38 69 56 21 90 61 72 8 28 14 81 50 32 55 88 6 15 15 92 89 14 22 66 90 17 47 18 88 8 22 89 73 15 95 60 45 26 15 68 10 84 47 46 47 69 46 26 93 45 7 3 25 65 28 79 71 48 71 97
6 82 34 37 99 17 63 22 36 18 73 5 7 22 17 40 81 92 62 88 32 48 99 28 25 29 28 87 62 73 73 74 21 22 91 4 54 12 65 12 20 13 26 65 97 5 46 74 35 25 47 0 21 7 2 4 56 34 54 22 79 21 2 79 52 23 94 45 61 18 27 82 9 69 98 23 71 30 9 82 20 80 86 17 92 92 44 17 41 9 23 77 71 90 26 19 67 56 8 46 72 2 5 14 33 68 97 65 51 43 3 52 88 4 26 30 36 46 73 7 28 14 57 31 40
65 85 21 95 82 31 97 6 28 88 84 28 17 39 16 58 1 53 69 55 56 99 36 31 65 95 96 18 30 14 85 95 32 11 78 15 7 71 74 62 84 33 18 42 27 24 69 67 29 30 95 34 26 67 23 72 24 6 74 99 43 52 90 45 79 18 3 92 63 58 63 39 94 5 47 22 51 49 73 12 32 79 32 35 60 62 92 90 99 82 44 51 56 92 8 49 48 55 22 62 95 57 85 34 55 41 64 43 11 8 23 56 85 56 55 93 8 21 76 43 9 75 33 45 51
88 71 85 29 87 66 42 37 70 20 49 38 85 41 81 32 47 82 27 75 85 72 62 87 40 83 20 91 6 41 92 75 6 80 31 45 71 36 25 29 46 69 57 63 72 68 33 37 1 23 49 12 1 71 92 8 46 36 48 56 41 88 64 98 45 45 15 39 2 42 11 68 95 70 60 66 57 74 42 45 81 76 17 47 53 7 75 26 22 91 76 71 82 63 81 54 7 54 71 8 84 49 11 88 50 26 13 44 12 75 78 19 34 18 60 65 31 69 51 8 32 6 33 0 3
63 41 53 47 58 69 44 98 1 11 13 12 76 17 59 41 52 89 35 26 55 62 98 53 72 42 71 13 8 26 83 47 57 30 75 54 56 49 99 19 22 19 47 50 98 73 43 18 52 5 26 15 31 11 2 55 42 78 12 74 71 22 55 79 52 67 79 96 2 25 59 6 13 76 94 89 46 1 55 79 51 72 91 64 43 36 59 92 42 43 83 34 69 98 34 65 96 0 63 2 69 57 76 1 7 39 34 95 88 78 56 51 95 21 83 31 87 48 49 60 61 99 50 32 64
20 72 43 69 40 25 70 18 87 69 74 99 53 50 20 64 45 95 7 80 99 81 62 55 80 20 35 35 23 88 57 10 21 84 91 20 84 82 19 74 71 42 63 95 78 93 51 31 33 94 33 29 8 35 6 72 34 74 62 58 50 24 61 25 94 73 52 30 43 98 27 7 25 80 52 52 66 54 30 4 72 20 47 97 61 70 29 70 36 90 33 84 79 56 11 15 21 91 43 82 10 12 48 2 75 6 97 87 94 61 63 26 42 88 3 84 87 75 4 53 43 70 93 74 88
58 85 73 38 74 73 37 75 19 47 53 60 46 29 28 39 70 2 9 99 8 8 3 80 72 73 27 23 27 58 26 27 64 65 22 31 18 25 68 48 76 50 0 44 83 54 31 4 89 45 92 21 38 23 55 30 96 43 15 28 9 38 77 26 67 39 99 24 99 25 73 24 88 17 34 63 58 21 85 23 74 15 37 94 6 94 33 72 75 31 29 90 37 9 95 53 81 89 18 98 72 74 0 33 93 75 98 81 75 79 81 69 11 2 26 40 25 75 12 86 84 32 57 54 1
53 19 78 43 83 73 49 36 34 6 21 37 82 80 70 79 38 77 57 20 1 48 46 53 30 33 71 51 51 46 94 85 46 67 25 41 86 65 99 64 35 76 22 61 61 20 46 48 92 77 5 18 13 70 94 69 86 33 68 14 62 46 37 76 43 70 40 27 43 3 17 47 48 76 47 31 15 81 11 41 1 22 55 5 67 17 49 24 59 51 81 85 58 0 82 81 28 15 44 95 65 14 32 48 2 20 8 17 54 83 34 72 87 86 89 63 77 47 14 56 40 54 80 38 25
57 88 81 63 37 94 65 9 59 1 24 37 24 60 81 70 78 88 87 37 28 2 84 56 79 29 79 8 18 95 72 59 94 47 80 5 44 86 36 46 13 15 72 31 89 45 21 80 34 9 9 93 30 10 35 56 46 94 27 53 68 81 57 45 10 44 23 81 39 61 54 26 57 89 50 91 23 33 30 40 36 91 80 83 53 25 8 29 57 79 64 51 60 55 11 86 98 89 40 96 54 93 68 53 39 56 73 67 74 22 28 88 86 4 84 84 62 93 52 14 68 87 3 57 50
87 6 74 78 12 18 63 88 72 28 22 56 8 82 13 27 52 50 78 15 9 50 95 11 93 73 8 47 1 25 77 54 64 96 73 96 50 59 51 89 83 62 99 64 35 89 40 46 62 29 57 55 99 93 20 54 82 64 1 22 47 18 8 47 21 46 82 76 15 93 79 50 7 23 95 21 14 61 25 82 68 95 97 63 70 33 22 73 23 87 95 14 41 9 24 67 5 63 74 28 95 22 72 74 85 30 82 57 94 92 31 94 32 41 28 68 65 98 98 22 70 89 83 9 98
86 41 59 56 53 28 23 4 87 17 62 8 73 65 95 15 81 69 7 66 27 98 70 24 12 53 13 93 29 81 74 40 27 30 98 24 66 58 9 63 6 5 43 6 58 33 10 14 88 9 22 40 2 82 35 40 74 32 51 22 21 56 42 73 80 43 87 91 54 87 57 78 46 32 9 96 22 55 47 30 8 97 12 97 88 40 36 35 6 47 25 50 5 39 41 60 63 43 25 49 97 58 77 52 45 7 79 19 51 51 34 95 26 53 68 57 89 89 20 64 55 10 30 75 28
12 50 8 5 69 37 74 47 64 19 51 26 13 24 18 73 60 12 27 77 8 54 98 67 6 78 81 73 17 84 71 14 85 96 98 49 3 93 22 15 97 81 78 3 96 57 16 68 51 95 24 12 23 53 13 44 22 55 87 87 86 82 24 76 11 13 0 63 15 62 89 33 90 11 93 55 74 21 88 77 33 9 45 35 98 37 87 61 66 38 46 1 93 58 95 68 46 89 41 7 67 39 7 20 88 24 33 50 80 73 28 78 30 45 74 97 28 63 61 70 40 70 85 24 49
55 15 11 46 24 82 88 87 98 5 78 31 57 39 54 81 62 98 40 0 19 27 92 5 25 67 6 20 10 1 39 21 77 37 11 54 25 68 0 94 92 9 81 62 15 53 51 39 80 24 38 43 17 44 53 20 9 31 7 90 55 86 96 4 18 83 45 10 95 6 6 47 89 18 15 92 5 7 12 59 48 19 32 53 68 50 42 61 53 71 52 2 23 12 32 96 67 21 27 90 61 3 42 78 92 85 53 97 22 44 20 7 28 74 74 81 12 97 30 46 85 78 38 65 61
67 38 31 91 59 22 16 41 78 97 35 76 32 69 37 17 72 53 83 57 8 13 53 8 98 45 69 17 18 65 6 90 11 41 76 98 8 93 90 62 19 7 60 81 79 70 97 34 40 1 78 24 99 69 91 63 29 64 71 58 47 66 42 84 94 3 79 83 77 33 28 61 22 68 86 1 48 34 65 82 98 47 18 34 51 37 69 49 69 68 48 43 1 10 19 72 26 49 98 67 10 2 18 31 35 92 48 45 5 69 59 94 38 95 72 48 70 78 2 21 65 19 90 23 71
25 25 8 57 76 89 95 6 98 39 75 27 44 55 25 35 47 25 42 55 53 59 40 49 77 90 28 66 68 76 80 44 79 97 99 78 18 21 33 28 9 17 8 84 25 39 87 5 56 70 33 42 98 28 10 41 92 6 51 13 14 69 48 82 34 44 26 49 3 33 94 33 90 50 38 58 77 23 73 99 60 45 45 17 74 89 70 0 47 97 88 95 40 48 67 39 68 39 6 50 47 89 11 7 29 55 46 13 67 19 17 40 9 72 80 76 88 73 5 63 36 46 88 19 63
83 57 7 99 39 67 80 10 80 90 38 75 82 99 88 49 84 79 9 6 2 87 61 51 71 67 83 39 14 5 19 66 42 77 24 32 69 43 55 27 0 17 79 26 78 24 66 89 8 54 62 76 91 16 19 54 56 62 9 12 53 78 63 81 4 23 58 33 5 91 13 60 85 44 35 78 18 45 56 55 79 61 47 62 16 36 92 54 64 94 40 45 10 24 18 33 41 6 99 57 66 80 30 60 63 81 31 59 21 96 61 87 61 28 91 11 73 3 80 51 73 19 67 32 73
14 57 47 59 88 20 97 84 88 7 76 10 72 1 92 92 38 80 28 69 33 68 38 46 10 31 20 92 7 28 22 10 5 62 78 66 95 84 6 74 44 4 67 67 92 80 79 19 71 74 58 67 36 16 76 29 37 48 94 94 73 78 15 71 86 42 18 23 80 52 62 56 6 42 49 56 61 59 86 30 30 43 10 53 65 85 54 45 92 71 85 32 78 88 50 10 43 8 56 12 58 26 5 51 66 25 91 36 55 57 53 34 30 76 64 19 66 76 30 23 65 70 13 24 17
53 49 39 51 18 28 77 91 44 10 99 66 63 75 88 40 19 20 96 47 95 0 46 74 12 79 63 78 70 19 64 75 25 15 36 80 90 41 33 78 6 99 36 86 26 27 59 75 31 3 99 13 95 14 63 43 18 10 58 38 63 64 32 97 53 65 78 61 95 67 21 3 88 10 68 71 14 59 34 71 46 19 10 89 67 23 81 94 22 3 40 8 21 60 46 70 78 20 48 82 76 61 19 98 87 56 11 50 47 11 48 50 81 43 24 13 56 15 47 19 38 63 48 84 22
40 37 40 80 44 54 94 8 62 80 46 29 73 4 4 32 7 12 86 6 20 29 81 68 41 34 81 3 62 76 47 95 8 46 28 13 97 92 25 77 91 29 7 90 2 74 4 61 90 51 66 28 56 74 84 68 56 14 70 93 87 66 54 30 67 93 20 54 79 26 62 57 91 88 69 77 13 65 13 58 40 72 7 23 75 68 49 66 88 60 61 95 48 46 64 93 93 75 25 79 87 9 67 43 71 94 10 16 66 90 34 51 52 93 61 41 11 30 52 52 68 31 36 22 53
31 24 95 40 6 65 5 51 49 3 25 5 98 32 11 76 87 69 6 79 57 59 71 42 7 56 6 29 46 11 99 1 44 62 18 47 12 98 54 57 64 27 58 7 42 99 80 71 47 31 20 48 4 2 96 29 88 10 25 3 64 73 57 68 88 4 97 96 11 29 98 63 48 99 33 27 32 12 12 3 99 53 5 7 96 86 82 91 31 77 70 26 7 93 99 29 22 44 48 98 97 46 47 90 79 51 85 8 40 83 34 38 27 78 37 74 99 33 85 56 78 14 50 98 23
91 16 63 99 81 93 40 5 55 29 97 45 15 59 21 7 85 19 83 67 76 79 70 6 78 66 21 67 51 91 94 31 97 61 53 32 16 53 71 89 51 9 8 39 82 10 13 31 44 96 95 70 66 40 61 91 85 44 91 96 40 10 52 69 10 90 21 36 50 20 56 56 57 18 18 28 2 49 47 51 99 80 78 14 8 62 5 68 43 37 69 46 68 41 14 16 88 53 26 57 9 48 84 90 0 77 3 66 10 80 59 2 70 60 60 95 28 56 84 6 17 51 20 91 18
69 83 49 1 15 80 13 72 42 4 30 38 70 49 43 89 32 95 42 61 65 91 64 60 0 15 0 98 26 97 1 60 95 26 35 42 91 84 60 19 83 9 69 47 62 2 95 11 17 68 79 57 1 0 3 56 66 70 64 66 78 34 95 60 30 93 17 68 64 67 55 59 87 3 6 73 16 19 83 20 65 30 52 95 39 27 32 85 36 1 3 42 20 85 80 10 64 93 8 77 52 4 3 66 2 5 50 53 41 9 10 67 27 91 23 33 84 7 90 86 7 98 46 12 19
83 22 66 78 68 78 94 94 21 80 18 96 81 74 9 58 94 4 44 33 97 15 66 61 40 16 77 21 75 81 57 37 74 2 87 70 20 20 61 5 49 69 80 76 22 50 79 39 68 39 17 48 95 26 29 11 65 29 46 48 51 3 81 62 81 4 82 81 98 67 29 49 19 46 82 39 74 93 72 40 88 98 59 85 5 68 36 39 85 36 46 76 77 67 45 40 35 56 30 42 81 91 67 26 11 42 75 19 85 3 52 21 90 93 81 13 62 65 21 75 84 73 11 7 28
15 91 21 25 88 73 73 33 76 1 92 36 92 35 43 67 28 9 35 6 15 87 81 89 6 81 85 75 25 40 7 27 10 41 76 63 90 74 37 96 5 57 57 73 90 43 38 88 4 74 94 89 53 47 32 27 89 27 2 62 61 14 65 1 8 56 54 27 60 57 8 21 1 61 4 17 3 30 44 50 87 80 89 91 15 24 1 52 10 73 45 73 1 74 41 29 82 76 64 59 93 66 69 16 14 10 4 62 6 23 85 4 55 1 79 77 43 41 48 94 99 77 91 39 76
41 6 40 17 37 2 60 67 44 42 76 88 77 3 41 82 85 59 91 13 23 78 81 88 98 14 4 30 92 53 98 81 33 74 34 62 57 21 81 68 14 96 24 96 74 62 4 0 80 34 81 99 72 93 13 27 73 49 53 37 53 52 21 21 44 43 35 28 74 88 26 4 65 25 24 59 46 36 82 42 15 40 0 12 1 48 60 33 75 39 75 66 27 84 0 25 36 97 0 98 80 88 56 23 85 25 45 16 92 59 19 69 12 2 43 49 98 63 86 34 5 31 55 40 83
38 58 56 36 63 87 88 39 73 62 22 82 47 49 58 97 81 92 61 13 77 25 34 13 90 33 81 56 89 53 47 52 93 70 80 29 67 14 19 92 35 35 97 63 9 37 93 66 78 7 1 74 41 14 2 84 92 48 70 76 70 75 22 22 22 98 15 28 24 54 51 75 45 41 74 7 37 82 85 92 7 53 32 0 34 92 29 70 68 9 7 82 94 77 89 34 45 20 88 15 79 85 43 55 70 30 22 32 18 10 93 90 75 26 29 80 72 8 34 92 38 0 26 14 59
98 32 51 84 57 3 31 14 1 95 32 97 11 74 49 12 66 5 15 23 50 28 14 53 63 20 5 51 20 94 60 51 65 37 86 56 22 37 79 20 55 48 47 41 74 99 42 14 30 47 91 64 98 5 58 51 78 96 0 67 76 89 31 3 71 92 52 13 47 13 58 62 14 90 40 60 22 64 27 3 91 63 28 16 28 53 21 90 57 68 43 63 76 52 62 87 85 34 6 84 54 56 37 15 14 61 98 25 12 68 58 13 58 43 32 82 78 38 62 40 90 94 39 59 0
33 52 88 80 8 96 65 16 23 93 7 93 37 1 48 56 41 16 42 57 36 26 32 20 42 61 9 18 36 81 19 72 62 25 25 11 35 49 85 15 51 90 28 98 18 94 92 24 69 87 90 20 71 66 16 91 53 29 71 99 37 38 10 34 84 14 30 54 89 38 96 59 97 56 19 83 29 1 53 72 4 37 51 89 89 37 60 23 55 77 32 20 28 37 70 64 81 80 85 73 66 1 1 86 20 74 9 4 45 55 87 63 72 16 34 45 30 8 35 58 60 92 54 23 5
99 92 76 36 90 20 99 87 66 74 4 99 35 51 18 18 26 58 33 39 83 83 4 14 75 85 5 14 70 78 6 74 17 87 66 86 60 18 80 48 66 72 85 99 11 41 79 51 20 86 89 71 88 43 15 75 23 42 89 96 87 18 45 35 33 49 44 75 61 43 34 27 14 3 72 65 8 79 77 54 45 66 52 72 58 83 12 18 48 91 91 21 16 38 68 95 23 45 99 15 17 75 33 21 24 78 81 29 31 69 2 52 29 31 98 67 12 99 20 38 49 44 28 8 82
10 81 33 88 57 54 12 77 2 91 28 20 64 40 21 23 81 29 98 42 27 38 9 58 34 55 37 47 89 21 45 31 11 13 52 15 20 9 16 38 40 46 83 16 69 18 90 96 43 40 57 74 95 70 38 25 73 60 71 19 5 6 27 25 83 39 21 76 24 95 91 62 49 51 77 13 64 76 19 55 75 60 73 91 39 55 99 39 58 47 44 15 87 95 43 82 54 12 3 81 11 98 60 32 1 63 43 23 1 62 55 50 34 35 64 27 92 14 94 9 11 89 87 91 30
95 77 72 18 16 68 14 11 87 1 59 82 71 26 76 41 41 48 82 68 67 2 22 10 44 6 37 15 81 65 5 70 78 26 8 72 77 24 95 48 85 64 78 92 32 59 65 31 85 74 63 24 15 64 23 58 71 91 83 40 41 82 56 22 43 60 14 37 80 96 40 33 32 59 95 95 93 28 47 73 62 25 87 33 34 37 89 17 26 76 77 92 50 49 24 67 24 29 68 73 68 48 37 66 86 55 72 45 64 59 69 12 59 18 74 27 2 14 96 6 60 4 66 66 45
89 73 95 24 79 18 14 75 42 32 77 14 18 30 74 55 98 45 99 43 85 84 22 79 33 56 91 97 96 91 96 92 5 20 9 38 17 6 68 74 94 2 18 56 42 31 29 52 50 59 92 50 85 60 35 80 17 27 83 77 33 89 13 5 41 53 88 2 73 79 63 3 61 64 44 80 98 30 84 49 90 94 86 78 55 35 64 0 77 64 60 72 78 8 1 65 2 15 21 46 2 80 97 80 26 71 13 99 4 42 70 42 76 97 76 62 44 99 77 86 55 23 75 97 41
14 25 14 31 92 78 8 22 3 3 45 85 87 39 1 68 42 16 16 33 84 89 0 67 0 5 73 61 66 84 87 49 10 27 58 42 44 38 12 10 97 32 15 48 47 89 30 22 51 49 40 12 76 52 12 28 82 51 92 43 43 42 70 54 89 24 4 94 60 76 14 54 50 15 48 12 24 95 81 70 7 9 76 52 17 37 55 89 72 21 17 68 29 37 25 72 11 87 91 16 72 20 33 25 78 9 25 68 97 0 40 77 78 75 5 24 13 66 2 9 96 65 39 65 82
26 41 79 7 3 40 36 45 32 78 45 46 37 30 11 84 41 24 42 40 11 33 40 45 51 20 20 98 76 17 7 69 72 47 35 50 61 43 36 30 0 26 95 5 44 35 70 82 24 20 75 20 44 20 93 56 78 64 47 74 50 27 86 41 50 7 72 32 33 57 86 25 88 83 24 58 31 64 62 67 37 41 48 9 61 53 84 45 24 38 35 69 38 99 69 25 15 1 54 33 71 46 93 90 56 90 11 37 67 25 96 4 64 24 6 4 32 88 84 49 59 10 84 97 67
14 68 80 3 69 56 4 86 28 1 8 74 79 63 60 9 70 87 92 19 20 87 40 77 51 51 91 88 90 21 78 12 76 28 46 34 75 16 41 77 39 85 8 57 13 29 36 94 45 25 14 6 95 40 89 32 88 33 42 25 28 77 35 35 74 24 34 55 81 30 59 94 0 16 70 24 94 56 91 99 31 83 98 71 24 87 2 50 29 37 64 81 18 72 6 80 32 34 10 64 83 44 58 30 98 71 3 72 11 3 80 85 95 98 24 63 31 8 81 30 38 35 56 29 16
51 42 31 35 78 66 66 66 59 48 85 34 90 91 11 19 50 36 84 32 35 28 57 49 49 42 85 39 52 79 27 34 63 74 79 16 99 31 46 43 69 66 2 19 30 37 40 1 53 4 34 21 51 76 97 52 9 19 95 68 5 91 53 81 78 72 81 80 68 41 29 48 27 66 91 53 47 69 91 16 50 99 42 0 76 7 90 16 56 96 87 58 15 57 43 88 12 97 8 28 11 32 77 82 77 6 82 76 79 21 41 20 90 17 69 92 32 23 46 26 12 12 3 78 78
32 12 33 28 13 76 31 79 63 87 92 89 42 2 90 89 40 65 51 61 55 86 79 71 59 36 54 87 0 23 67 7 20 22 94 27 43 65 27 95 70 39 52 5 82 72 20 89 98 15 0 82 32 52 67 83 47 20 91 44 14 37 31 7 89 66 27 72 29 10 1 75 64 39 91 79 14 94 9 0 42 61 11 20 38 31 15 0 34 48 23 71 62 62 37 88 28 80 50 74 85 77 92 38 6 72 38 36 29 59 12 79 9 36 25 13 49 70 30 49 19 28 76 40 96
97 76 55 37 16 82 29 23 52 20 87 1 43 24 29 34 70 98 75 96 3 81 72 44 90 58 74 80 90 47 15 2 26 58 22 76 16 21 19 5 49 19 35 55 19 6 83 30 92 7 9 93 61 94 17 7 51 49 64 86 29 55 99 49 53 29 12 88 46 48 46 73 94 16 9 92 94 20 96 15 38 12 79 11 75 29 19 90 10 60 97 92 64 77 74 51 23 99 85 0 8 38 95 27 96 93 45 13 87 25 5 8 18 73 38 47 61 59 34 43 20 35 42 30 99
85 60 37 51 23 53 96 33 54 64 57 20 83 79 81 58 89 79 68 8 53 87 2 37 46 89 44 50 37 63 86 86 53 27 3 71 10 81 6 39 53 0 3 15 80 79 0 32 0 11 59 88 27 49 51 17 94 83 44 91 76 74 73 9 25 28 83 67 95 86 93 96 96 38 29 50 30 14 37 4 59 20 23 16 52 22 6 24 27 87 42 6 29 5 80 71 0 58 74 44 71 45 35 1 8 27 29 38 15 43 43 59 12 12 42 20 86 39 96 48 36 39 67 54 2
10 21 84 87 37 28 30 35 20 51 80 88 31 0 16 22 43 94 82 30 65 38 38 83 53 27 59 14 82 46 53 49 81 17 21 69 17 3 35 55 14 44 36 4 66 43 70 34 93 31 66 85 98 41 36 33 57 65 50 24 59 0 67 98 64 6 68 25 30 23 81 94 35 58 74 39 94 22 20 54 28 45 59 62 48 67 15 84 7 90 78 24 72 53 16 58 72 60 76 35 37 73 27 65 60 13 30 29 60 22 62 63 44 64 24 39 42 48 48 98 39 18 94 13 27
51 24 99 23 56 87 18 37 17 56 44 14 56 56 61 71 99 72 6 38 55 9 43 6 31 62 70 19 44 43 55 30 6 6 16 62 51 75 64 3 90 13 79 30 79 12 93 42 49 14 3 58 49 10 57 56 80 67 13 7 82 16 29 70 97 53 94 43 1 8 25 62 99 59 5 22 51 5 78 21 20 5 83 14 46 75 46 7 5 18 20 8 17 57 35 53 95 96 18 96 65 52 59 56 17 39 83 31 42 7 94 68 66 59 65 38 0 12 53 46 33 89 39 86 13
7 1 34 19 71 22 31 34 39 92 9 94 7 23 34 38 73 71 23 0 43 40 60 38 78 37 51 74 64 94 49 23 86 77 29 29 29 69 59 19 0 1 85 35 87 89 62 28 86 13 4 45 90 31 91 43 50 12 41 90 78 58 60 54 81 82 87 6 60 29 60 44 46 18 91 34 60 33 2 71 89 64 94 28 18 92 15 89 27 93 27 7 42 36 82 33 69 60 93 79 94 78 71 81 6 94 0 90 11 56 8 92 51 81 37 36 38 67 64 5 21 52 58 76 83
42 6 0 88 12 55 90 63 59 74 34 86 50 57 78 32 91 63 24 31 76 67 90 48 87 58 64 10 29 33 27 21 94 79 72 23 35 54 51 50 24 26 28 78 78 84 46 38 67 15 23 61 88 81 94 81 17 58 38 51 80 47 10 5 66 14 52 64 29 20 69 3 74 78 5 22 67 12 0 32 38 68 88 94 40 68 10 92 29 16 84 16 75 84 9 21 82 78 55 27 41 73 35 63 83 58 10 53 64 22 43 72 75 93 28 52 0 65 81 12 44 95 51 99 10
60 44 19 61 50 58 60 19 73 13 78 69 58 83 43 97 36 99 30 56 0 29 97 11 49 42 5 9 27 46 43 15 63 35 10 7 14 80 35 10 6 27 22 95 50 12 57 34 88 42 78 80 49 20 25 16 46 64 85 28 69 96 76 92 74 74 58 26 55 4 69 84 68 18 28 59 92 65 2 93 47 64 71 69 27 66 64 4 75 42 31 92 84 40 5 67 23 29 93 34 87 61 38 51 55 96 71 80 25 46 49 48 14 68 62 4 27 44 68 6 42 24 56 52 47
